1001 2 1002 1002
1002 1 1003
1003 2 1004 1004
1004 2 1005 1006
1005 2 1007 1008
1006 2 1007 1008
1007 1 1009
1008 1 1009
1009 0
1010 2 1011 1012
1011 1 1013
1012 1 1013
1013 2 1014 1014
1014 2 1015 1016
1015 0
1016 0
1017 2 1018 1019
1018 1 1020
1019 1 1020
1020 0
1021 2 1022 1023
1022 2 1024 1025
1023 2 1024 1025
1024 0
1025 0
1026 2 1027 1028
1027 0
1028 2 1029 1030
1029 0
1030 0
1031 2 1032 1042
1032 2 1033 1033
1033 2 1034 1035
1034 2 1036 1036
1035 2 1036 1036
1036 2 1037 1038
1037 1 1039
1038 1 1039
1039 2 1040 1041
1040 0 0005
1041 0 0005
1042 2 1043 1046
1043 2 1044 1047
1044 2 1045 1048
1045 0 0005
1046 1 1033
1047 0 0005
1048 0 0004
2001 1 2002
2002 2 2003 2003
2003 1 2004
2004 2 2005 2006
2005 0
2006 0
2007 2 2008 2009
2008 2 2010 2011
2009 2 2010 2011
2010 0
2011 0
2012 1 2013
2013 2 2014 2017
2014 2 2015 2015
2015 1 2016
2016 0
2017 2 2018 2018
2018 0
2019 2 2020 2021
2020 2 2022 2024
2021 2 2022 2024
2022 2 2023 2024
2023 0
2024 0
2025 2 2026 2031
2026 2 2027 2031
2027 2 2028 2030
2028 2 2029 2029
2029 0
2030 0
2031 0
2032 2 2033 2033
2033 2 2034 2035
2034 0
2035 0